image: empty_arena.png
resolution: 0.200000
origin: [-100.0, -100.0, 0.000000]
negate: 0
occupied_thresh: 0.45
free_thresh: 0.196
